angle : 26.112671, distance : 1.000667
angle : 157.094879, distance : 0.998000
angle : 0.000000, distance : 0.000000
