angle : 20.621338, distance : 0.923500
angle : 148.520050, distance : 1.139500
angle : 251.998901, distance : 0.413000
