angle : 24.955444, distance : 1.034000
angle : 81.776413, distance : 1.378941
angle : 268.200989, distance : 0.446250
