angle : 10.270386, distance : 1.874000
angle : 68.670044, distance : 1.874533
angle : 0.000000, distance : 0.000000
