angle : 86.842216, distance : 0.423500
angle : 203.059387, distance : 0.996000
angle : 333.101074, distance : 1.012000
