angle : 28.872681, distance : 0.768222
angle : 149.262604, distance : 0.733143
angle : 275.830872, distance : 0.290826
